a,b,c,d
0.33627233637218457,0.3250110687231613,0.0010196408377848298,0.40140189720154196
0.9802649683525543,0.8318353550307083,0.7722883679048234,0.0764853766737329
0.4803872425787493,0.6868393727588189,0.0005746529724915961,0.7467584765703297
0.5021060966555528,0.305141589099338,0.7686084672112038,0.6546851999553737
0.856602037495124,0.17144842884142553,0.1579712921580272,0.321231483243839
0.705973481075289,0.6326888750520957,0.5040165014387529,0.313622137930175
0.16672441593320897,0.26973375516469766,0.6085693621704945,0.8744271309803985
0.054040593105187384,0.9664396927503365,0.06559570391295622,0.10944814243870982
0.7578390928377232,0.5238852910755655,0.5272102788067565,0.22693647922759852
0.4253833221643635,0.21370125617072533,0.04902015655465275,0.2875979408000324
0.17683680950823633,0.16653356599751545,0.7793735548048444,0.9364861878339583
0.22154585464980914,0.6608213750146527,0.8117815897698992,0.39256501309009495
0.0013503699623585996,0.45018589348741,0.07646946429641399,0.7533679412337956
0.5373231464576197,0.6237788989227707,0.07185135746180549,0.7512000510131361
0.03228400416591837,0.050181912070182855,0.8975624866722012,0.6141292789106866
0.48880423301062903,0.091374385826271,0.20380306481467603,0.17970794983894278
0.8211155924257206,0.19140670507340207,0.7569623666417657,0.5923832772664127
0.202698689394757,0.10397814468661737,0.3422364309240138,0.7876262313490752
0.18521752139529557,0.7515544279051898,0.6127372143065575,0.08842911001592957
0.8428103260014432,0.8423568831968558,0.20658856394692127,0.3899396257210873
0.8440331226076548,0.4499813871558678,0.13219758424637973,0.10393829250389419
0.16387799113366353,0.11235392778846287,0.2190873453625617,0.059326947648009165
0.33190219209756044,0.8080268099068179,0.5101723811744628,0.3875393176456404
0.5016420034152848,0.9413004247947276,0.3237529405161287,0.6909106696226429
0.37151955223345456,0.8763309746266572,0.14435751886650183,0.594585432452638
0.994328979706033,0.4147718333263406,0.4402798249423783,0.547651126220843
0.00679971308197036,0.4603723951885834,0.09186946680903141,0.5517256896624096
0.2038574471303466,0.30806922777314416,0.24075597273301397,0.9809566340486252
0.6057790651048847,0.380763712827924,0.7929227833553262,0.8916493533755211
0.4773044457751652,0.18348921227398018,0.8665347875764602,0.20115355252830047
0.5562623859121136,0.12741251095832018,0.5668972900386939,0.37582831435355124
0.6094551685345265,0.4238303848935505,0.06312888353038026,0.9296411624795633
0.2830144384308311,0.34994725136301763,0.7866534502340554,0.5685738387259147
0.6083096069069768,0.8547908027081947,0.1394453009020623,0.4875846563151508
0.7950019425815656,0.921310174399855,0.7131410421635475,0.6854997471830577
0.7029167242052079,0.9942208895868356,0.1578293248971958,0.7526027061070005
0.009322285637569871,0.8523851062431688,0.9869823482550834,0.34136544005312386
0.12852080402532928,0.596241240318469,0.3968413103480981,0.7848552860308265
0.002236448759129761,0.5637356470041152,0.8886645729272742,0.37386485230236577
0.7842827419476831,0.4992192667366049,0.45170232654581244,0.3770787550311161
0.9158907842654865,0.6409957558601469,0.49568773910025465,0.20171709368134993
0.19497218789426773,0.07799977284048609,0.45164626525047646,0.41569643117464683
0.18132400560860884,0.5661707175707383,0.6056319811909233,0.4165675770381041
0.38488773142764265,0.9821137122971909,0.5027171764378315,0.813578153903196
0.293214680847236,0.13178425655004344,0.653358739460729,0.9163419033861513
0.24049964437381832,0.25836815014457226,0.8576721350402634,0.6353489072771664
0.7845072207604514,0.5549383922577203,0.9430359879805484,0.020917179653205498
0.4890808014256227,0.6437666545983554,0.04664450518739238,0.9578885394454532
0.4228457628977761,0.8689120616410727,0.7972507965819937,0.019856966453678848
0.9241867489910823,0.41850080577561566,0.4394385762716323,0.8024008068527704
0.8305625919210394,0.3108978272568762,0.6129356703058603,0.8716646405910411
0.09594336918253688,0.019040152853489145,0.8979912879493811,0.84308872060182
0.009327986936045307,0.8866217728884342,0.4970262702960242,0.5585917930674684
0.7659452276041034,0.021081125490953756,0.05379451175469152,0.13182088392280134
0.5137324258205391,0.03507429771742998,0.6188835497462247,0.47412112348613267
0.11358486552277647,0.5406403944158276,0.0729449248495877,0.5527552831548942
0.08956748867615882,0.11654922503912224,0.46266652129506614,0.32642602885962135
0.4211171586740562,0.6632165454855101,0.6309662913224898,0.8286446436953286
0.5637355341677186,0.9629205938326909,0.48836102148628124,0.179301852727608
0.5665145754302383,0.47465892280959876,0.7069399194676959,0.6843231102049017
0.7919669843727317,0.41286717347824753,0.2199075673075842,0.7190515874041887
0.4540253976165326,0.8591098044317296,0.05641593355299912,0.052499941434040465
0.8676454047696701,0.8060309968112127,0.7976554814027406,0.3095319522235279
0.4034305635707125,0.03613418459915807,0.3325763107210705,0.9512794915551748
0.20653241823964685,0.6811942258264632,0.1388068478997746,0.907449529319709
0.9099121743964399,0.6749347933657847,0.7193643552406551,0.5879654995595851
0.9521397233570815,0.3402404046288864,0.7324666461948954,0.8387632211906879
0.8421351523246728,0.961220138564085,0.4778471184712483,0.5306040734200057
0.7258327483128492,0.12740590844845978,0.5227115974518366,0.9165137051199156
0.39726230939877916,0.9205270920019915,0.37890315076336945,0.8293212927684726
0.5096842992720936,0.34492156831348975,0.21972392428167264,0.3239206526071199
0.41923610692712787,0.20316889038447328,0.6723821379431006,0.8138336994323886
0.5401022043036029,0.9921912472869507,0.07155264815748197,0.22235205692332194
0.6326231970067655,0.6711395741968569,0.5362098362111336,0.1269112826214921
0.0767867395670696,0.3565016862470717,0.25388441759642566,0.4242950025417688
0.4874105739319312,0.25271393595678326,0.7120803949787771,0.6989636412956753
0.865351123549325,0.47276683251320106,0.349365609886252,0.970488584408135
0.17522331971527527,0.858030698062132,0.014161641133221714,0.9590157903088603
0.5219950450807564,0.564292482855931,0.991807593090961,0.8793987668720515
0.8541851689759502,0.4312804455508483,0.9057447902854223,0.8400308135512039
0.24962152163352236,0.29976093447523944,0.016659801635567795,0.6113981828515243
0.5256246254031416,0.7025797018077921,0.45370147271924066,0.21847018115707095
0.7773168862825681,0.5807690145037084,0.05917681562835819,0.12207149221630365
0.2969398693899853,0.7101837014089161,0.10264566154018484,0.03802663652391913
0.13174726635317047,0.4049640420658098,0.10265639488345568,0.6313356859556932
0.5774537613732307,0.7950091343310087,0.6254072054481303,0.782880581402316
0.4569088828401272,0.3368057405210615,0.7644526823895249,0.7169545580826315
0.04405209275176336,0.2643936018285221,0.9125333461775873,0.14914103967117964
0.9507443774090862,0.027600609976992874,0.8764198054026865,0.879444004820502
0.5842083305136452,0.6274659945637009,0.5367451676231368,0.392889215931417
0.8955122098248628,0.7537782106513566,0.1604911709350293,0.5859829839384009
0.5952961818963642,0.7468739882549703,0.24275681153732187,0.5290670495598715
0.8312535242920208,0.1917211521709924,0.9220747852006578,0.1970401675822976
0.46147635658104025,0.2036694441526835,0.9732520838928433,0.09224453800897414
0.09164896639336784,0.5623431916696897,0.03226422662199835,0.09150761256404727
0.0027739897107698086,0.4861197117786701,0.2969232876902048,0.14349432537135687
0.5654476076298837,0.02937985987233005,0.9763755947396335,0.8867719187512502
0.2970657038748554,0.6517747699408414,0.8441592978236552,0.9189007059914814
0.18759092285878176,0.5612541486109694,0.24432183733750223,0.8822158061277604
0.48605710009116976,0.2611925264780821,0.6175926575199631,0.8091933051351528
0.06034437375304058,0.5013711741578023,0.8991711485489406,0.2201862984008226
0.25535590055309276,0.3516679243024956,0.5364893477060845,0.03701102753929619
0.31328688355417955,0.4763862834554521,0.9202864658634526,0.7631840375981793
0.10431853303024763,0.2851353342832237,0.41775437331758203,0.516107005989879
0.42920953935242556,0.6462710684488812,0.5332567085391797,0.28323321173177096
0.6125472392222696,0.9333035762795235,0.3152303713785083,0.5077422637945377
0.4626467454001375,0.7057207724407146,0.947799261099005,0.41181935062478436
0.7069326445918329,0.6083604272727989,0.6411963088604483,0.8910570722746401
0.35738719547306785,0.1749638427392035,0.7126113738291732,0.3418569615350563
0.8996328040943408,0.07215553808738318,0.950727768044252,0.014300048486940553
0.04724141430866824,0.244668538365997,0.07762066561538628,0.7853375044908923
0.16085880428253185,0.5143846890922119,0.12297488332527828,0.8819848358310923
0.42142592069833285,0.12287317618823113,0.30114178431109306,0.7939797237336467
0.8815288737565792,0.39151559779951806,0.6958394710958453,0.7814010010773164
0.44394332894315436,0.07553068723802092,0.37275528784516443,0.7615758767045683
0.374409464028312,0.5818786972823738,0.08377247884294892,0.3683448657746946
0.9899294933222142,0.1187671466861393,0.4014778191591516,0.5685096489097043
0.06915770697644774,0.6090114308381936,0.6220271462009369,0.559585715262603
0.15955405478675377,0.7359109918618787,0.5084386068305188,0.7045890693080764
0.23296787478109893,0.03259270193505115,0.33995869443762594,0.056452241818247595
0.9886431070907975,0.7427660704163951,0.031265351045515644,0.7292813741972919
0.25761140232278557,0.9690281519031503,0.2205030584495753,0.1340893432229462
0.48712877508762054,0.4065577726204984,0.5439985356525793,0.6179781655968418
0.02453108907718138,0.7449006851219485,0.016648998371553758,0.7632656212788141
0.03249802874858365,0.029654017485838513,0.14598435219688843,0.6408019322014568
0.3532835865948927,0.4939428604587679,0.3473581714765762,0.9615931874740967
0.2918184026405345,0.8537398124259274,0.6155473635818071,0.3552247355799426
0.12703792681969273,0.12599178150105628,0.4336252645614862,0.3654410053985607
0.6810643435533861,0.3148121150987331,0.399335464667698,0.030530634936642875
0.9528797882146893,0.12908033520074214,0.8098651406333642,0.7013259143682808
0.23536709423598234,0.37478763941226545,0.19842775634944565,0.7562456005854551
0.4318457382401344,0.9967400188922231,0.6626892965429728,0.5111869508038237
0.634722769256735,0.33641812662999937,0.20032521735368292,0.5413886778285673
0.30105662499849395,0.8239463258938328,0.7637786846988948,0.6552935262376625
0.4441603799049635,0.3377263099523602,0.8155043986264426,0.06848219164654568
0.04548148661580664,0.2709726235565958,0.12465858380131734,0.6591615115575256
0.03471336985920148,0.7122901580430191,0.9701661055346469,0.6643970613424024
0.9520651381177343,0.3756720203771867,0.3496562090980858,0.32632321104344
0.8442220000866414,0.5107899461278133,0.902689007858361,0.5426324179894695
0.34697608473928676,0.29136838696844236,0.4082087104041593,0.512158775785004
0.28822069677111695,0.2140493866097244,0.8101917324399203,0.5005469421934069
0.8098131526492203,0.60964587312313,0.21065530014928446,0.8726083090048955
0.21337066838328622,0.9415404807508847,0.8702682174016022,0.6119646007822085
0.16678272406244066,0.5636359806161614,0.6838634496961317,0.17855139525600738
0.9606328566850059,0.10116986534500116,0.7352811690185582,0.7111515299969101
0.6948295769243019,0.5487648112166836,0.5971291356412485,0.5862243401316085
0.25466959663484046,0.03759741654816673,0.18492537417920019,0.3152077908652684
0.3538690888280669,0.6923581246513688,0.3413271435268187,0.028229200117313447
0.6643494763809131,0.46728315384847796,0.8177161446969633,0.6303374347843743
0.7550330801551735,0.5106606444950341,0.21877641466826825,0.22235314483650004
0.15145309679350605,0.0401938695342976,0.7530073889402137,0.3690417275588833
0.9760685110956365,0.2832833013287801,0.4101558258510867,0.8616901800434409
0.02985473595547594,0.7877747487646194,0.23130056297184654,0.9396871681614409
0.43602827118441545,0.49652538353669173,0.8350577337150469,0.7952136319405787
0.3093890857172835,0.46716935030046847,0.871500307938109,0.8657480183233166
0.2456914356877259,0.3990168265017442,0.30165988670453503,0.5018761389125409
0.773366902423847,0.7898400491523931,0.05466436722123824,0.6342304807902118
0.4355946549280614,0.21559267306867713,0.6945566395803673,0.06647684585216618
0.9531814883655881,0.5729141047206507,0.3284221987073983,0.019349445686161593
0.8554531512435155,0.4048714779813064,0.8191084513172708,0.8869425223890415
0.22378459698214903,0.6316513388678091,0.59867596778096,0.5453828996141791
0.7521968015369107,0.9383241204971419,0.26832367689036263,0.9236933301521059
0.2538420334987834,0.35565504542848503,0.9918313814463339,0.40459295128860495
0.8512943399155619,0.8145754646436317,0.2300391756142256,0.7616764915071941
0.9089776204805422,0.06301564577463226,0.6886391518337929,0.143418841185596
0.6668972843336031,0.9906466338305843,0.8830389070595589,0.12366815086187177
0.41012099619110054,0.7086901572451703,0.21852541360024869,0.3997955763014477
0.7880107069926059,0.7394352290465452,0.9389903778450293,0.7113562153904642
0.16317523834417125,0.7741475223419458,0.5724701320943584,0.859481296551717
0.5457473442888628,0.3729328111922159,0.51884039225534,0.7386824796906086
0.6908968027745845,0.08280627925444328,0.06723392896082436,0.24671328573661044
0.8520623845068883,0.5969710472617193,0.7697327278098809,0.19740658652708765
0.2574451556296956,0.6621468830829318,0.8412805097791126,0.8651817484405847
0.01981522137598979,0.24439952915330643,0.28254858839247365,0.04322511390909678
0.519024275152464,0.9831608667734769,0.7771341747545258,0.6718284665140184
0.00041033035366877524,0.12073612441607873,0.9580945140036871,0.49285436029614804
0.765613057681015,0.9840407827973151,0.4242176295457398,0.5253199938914017
0.20341140639091282,0.5991055566146712,0.7023042489065016,0.4747723187558055
0.7400900050414457,0.17271094754083793,0.4240999290757701,0.9793393433428702
0.25820029030355063,0.2728668186538884,0.6322054634098652,0.15238618337531795
0.5328537481137854,0.5311755568123224,0.7124676069252257,0.7543900408669565
0.40499751324417577,0.07053712315111249,0.5414349568194385,0.8602525352837128
0.7167405690532722,0.7655360893975195,0.5152671741703145,0.9190770436346825
0.88961057246162,0.6254855074738592,0.29409673513750034,0.7109777546908304
0.4293142758847388,0.07500440719979173,0.8765165097980312,0.21529622822921213
0.2589801994183899,0.06160881811943064,0.3056520716803025,0.982334083651339
0.7902310273315167,0.7894298793784357,0.48208921502203306,0.6202306441826341
0.22466284393364877,0.12148597193505006,0.46103311942117764,0.3483662428684401
0.57742763442928,0.11828978574400584,0.4131676012891534,0.609522879857421
0.37324999603891995,0.6762975414394721,0.9199544769836527,0.6727504995045568
0.711766017902915,0.7939550457590105,0.898307777950035,0.3031826214956438
0.5369879704146969,0.0672550683511125,0.521581223662644,0.8497801425248154
0.47219976377187045,0.18238353765328474,0.64134961311078,0.6349174852105679
0.14624800172865604,0.27381356996678785,0.8224393469115399,0.26937877539963895
0.6794486644723616,0.777012108386266,0.818370703325512,0.3194693652715377
0.26256894387243823,0.8155410401668229,0.7696362130828602,0.3430597160802066
0.9534675119281499,0.4104432184290736,0.8006056593860142,0.005469418655068337
0.22697530159965018,0.3562781425906293,0.42398767253513214,0.5660547467854499
0.46596218753247365,0.6166765020752157,0.6519869790728867,0.85236029707832
0.22480145227830328,0.8716277153913593,0.9538694917004743,0.036617369018068446
0.08734034737180296,0.6818598657649276,0.7118099804139644,0.027208495222140416
0.22675117581361248,0.5093225169066515,0.2527763043257748,0.9639863410064701
0.8588116851970607,0.010648950953201508,0.8614073660606832,0.6625653273689048
0.4032633523884259,0.7190336009781118,0.46849644053207895,0.6931989847582659
0.6483604621209498,0.5821755673849227,0.1163795863804884,0.8319955295555067
0.33164962908476237,0.7666367603030417,0.45294386557535204,0.9719452072879635
0.24813923094249446,0.16216162422596236,0.920552793506166,0.07422765299018297
0.7748669260198029,0.5082087357106482,0.3810680042430784,0.006379281376213353
0.0049458797302726065,0.5287299040999536,0.2220534845790877,0.35056975084558806
0.591143058163664,0.8281272713471354,0.10557105079938112,0.3960752060779493
0.46918815061405417,0.5598337169460946,0.6153953549781171,0.32641048588855914
0.5267835440102993,0.8921297487342501,0.7969345924884385,0.607928404254362
0.6575218281892343,0.6133344689697782,0.026674317422172078,0.6794473556002295
0.8668190580498522,0.46775642509925586,0.7806493405916398,0.8496739290235378
0.1244648752899119,0.36771182500646804,0.747766813278335,0.005027986269138474
0.326904788429768,0.8301066768156419,0.5583885615475986,0.35043091639101154
0.21878840733396754,0.30890306323298644,0.26063368013827903,0.19940888399650192
0.47725115799390283,0.4519491379395325,0.9390538584039441,0.28414276135065464
0.08375430918146376,0.7513028963268265,0.10330365544229436,0.8140028380808133
0.7518322565413479,0.35891329691832896,0.626080838727002,0.5718455198448357
0.8393551543401457,0.9798296662023601,0.1619441133529892,0.9050804752896568
0.2912547699822662,0.8102055466256184,0.029132319044678723,0.3158557431833995
0.9148656321018671,0.8358907745950482,0.13959370006216,0.11068322090759253
0.6462408716160324,0.2066776752496059,0.7556240037237695,0.08049990019889608
0.3229890299355197,0.4421092716998414,0.9774141928524789,0.4826916383029839
0.19899537213792595,0.6483881552956826,0.9603949241226026,0.7460398701642762
0.5929616245255648,0.5036138878742359,0.18643020378853825,0.3734615212449818
0.8606455272824358,0.9449017405763951,0.14989514119892955,0.40871761666733475
0.09117712354115515,0.6484436120663334,0.7448051068584821,0.4718552300107698
0.6481453770004487,0.10128509718921264,0.11964736864520609,0.8938592498582604
0.8586645297808357,0.43434004725542574,0.19382024972204337,0.4701398582696664
0.5752608568445848,0.5289492967771696,0.17095235409262333,0.808798455412136
0.04099322454733356,0.7027125073321747,0.3247808840325497,0.46652225478299536
0.8545900646258339,0.9000924844460604,0.6711822725580922,0.46373836343886
0.9784349555067512,0.47815086615571867,0.31653408382502835,0.8409104059461735
0.08965086313576731,0.35615798789552344,0.679037507855203,0.576862661578551
0.822147160688062,0.22044591928818968,0.622025707499033,0.6356217585107622
0.9659284010312518,0.7137133305963123,0.42468924235462546,0.8825389487233778
0.2652004177722498,0.5565624836551789,0.7138942985137977,0.04313867103058555
0.7204906388512048,0.19300261774017968,0.5553078337805508,0.848623095012623
0.3137020128453659,0.06213788668138398,0.1104521743306962,0.268482638609996
0.3339131616047203,0.22286051556127495,0.9302085063006681,0.18969921720557925
0.47371881012743333,0.27649916957853926,0.918582911002254,0.9077321559115206
0.16436753572470753,0.41350363461955386,0.1191110629612997,0.5546038843760451
0.4779404086003456,0.26699235009794486,0.6314602368060491,0.45015079807521685
0.7526728792121127,0.6235832861546013,0.07095039872912934,0.6533879557008555
0.5431474850322893,0.612183500299674,0.1687261650843036,0.3172179764612265
0.2273371617923714,0.865680153487757,0.5827248247756568,0.07328306898709702
0.12611491247624174,0.5706376312978149,0.28098697486020496,0.9582441234112288
0.5968739274269275,0.39542100773592714,0.9988692472082709,0.37827430309233656
0.7771754323352396,0.2697182152654869,0.6403988986023146,0.32137054416117183
0.593221449278064,0.6959371750998876,0.818237870222789,0.8425875763640115
0.6150323759787362,0.8300438488533514,0.011941853213758402,0.8647488663500092
0.2029326067858479,0.2501485915782097,0.20112813726763568,0.03721096985060468
0.6863936364279091,0.3761179178286703,0.28281992377497234,0.26245689109379067
0.4965672155028681,0.7675916426266497,0.38879712109112063,0.9408961704746303
0.14110932738953297,0.7667366428562539,0.5154150569336301,0.8871155170495236
0.32517727533261,0.13810804974144586,0.8817286203276805,0.8923770435680616
0.13118415251772886,0.4724813744322741,0.6965185434293946,0.8809271527639683
0.9545553958345672,0.6911555060264112,0.3461363476444005,0.4577135252289437
0.604008641577086,0.4049278320866372,0.5576335559750655,0.4584690061172756
0.3664279387231145,0.9210977637552976,0.9259396184708046,0.6187373590686066
0.6926921671269616,0.7056455178608063,0.49433124255882477,0.7895438902447587
0.5052823855197169,0.27106020463914704,0.8116754606279196,0.13565063043789083
0.7323902276376828,0.7698002360710043,0.713490159628528,0.1641449078306726
0.13259585151529407,0.6448586999650545,0.044208192437834914,0.7185432988678314
0.8081759656453317,0.45841661860325944,0.934434925986559,0.49426593400161334
0.5771885974706991,0.5881467177722365,0.6399022163604299,0.3771869575374359
0.48758352078031464,0.318129871239599,0.9047263034728386,0.04353003454869386
0.04224832101083087,0.7216713055488719,0.7702251485607872,0.14660520157118884
0.906805106288075,0.7142423782039156,0.6492463522633645,0.8089537150363935
0.22509844113441224,0.714232692976936,0.8863034807750806,0.27751663911557733
0.927654059080697,0.9472178956834688,0.3238547493736994,0.5313974196131103
0.7775026248564839,0.366416107883324,0.8913507785084809,0.7129585365523068
0.701804618572489,0.4754051551620687,0.1483109717640092,0.9629058012646603
0.6894417967365506,0.47535612758856627,0.27065181763195223,0.419800329085256
0.7953742832102751,0.017607321320034064,0.9239257373999976,0.9132899083842303
0.8191848786683833,0.7118868982916801,0.14719023292344702,0.1464878560040236
0.045339408502298784,0.07403816709500988,0.037202775722709025,0.5006006273772845
0.3441192304926166,0.8987140282588046,0.19702093237012608,0.513983027156217
0.09985412950064898,0.38986517472782023,0.40452962687964444,0.010392375900986517
0.9888796717166685,0.7490090895916841,0.2596294186935606,0.4584345985951731
0.45700114479701004,0.6806642081959364,0.3941616551891305,0.40932639017050887
0.22870742070902517,0.4961988524015096,0.04576544412910477,0.6340760637797336
0.2919710136894722,0.23278641925489285,0.4593479168264748,0.805534031204371
0.15472055351362923,0.1326050020325038,0.30005418331448175,0.6263173704010072
0.3855935973315787,0.1600210733653037,0.1192711036086127,0.6364894057985613
0.5165874702810029,0.10589536555440149,0.836027611899695,0.5425241910064632
0.06506145636136362,0.2624350464523646,0.60599389298748,0.20824553557216086
0.5270193642446159,0.8237728230700423,0.2892156336011714,0.8873126338662943
0.18919484363192918,0.27347313781194604,0.5558426186041985,0.26130285965720756
0.9560313727021582,0.2323345531125427,0.7109228911421767,0.005298262810604415
0.5869974306959455,0.551839108711318,0.9631838302064771,0.8748224414451556
0.8394707823008176,0.14649568514521594,0.42496652865473017,0.6479642065574542
0.17595067566465916,0.27079531300287973,0.7845760830918573,0.4745584618932701
0.48854926001759913,0.1258570249789137,0.8052540177863061,0.4192898556746709
0.6212556965708542,0.39723581820451603,0.07287399150297214,0.9018901762597358
0.808743928594653,0.22119133563026316,0.25823594549123996,0.30603153212577305
0.8124836819110055,0.7059634348701986,0.13599942020850242,0.1643630702649136
0.11270816568759079,0.8985217621210186,0.604783075454661,0.5780567207297427
0.2478577942115826,0.295514530036352,0.5819979510773367,0.4515276838478285
0.9341867123294322,0.5241038121822309,0.7349093167256558,0.10821307519543244
0.9694565801743523,0.7256657249365571,0.4405418454733141,0.3452875476762217
0.6670885234356302,0.7464035693791718,0.8968707150608508,0.23460678314729688
0.8787477148217263,0.3820328244947394,0.45637968898810977,0.6485079931308289
0.6424404543524919,0.5761307478342017,0.4331408926226967,0.8070040991923705
0.8211851866370176,0.4580361289778362,0.899692936602448,0.5713664527993445
0.21206397355409146,0.3912268103159252,0.9493983929247443,0.5071785967280376
0.19406700477640937,0.6150799842880748,0.2883587772964561,0.9708823993407812
0.8040167613971719,0.6547916899574816,0.5242140387878185,0.008780205484151038
0.22082426037740743,0.11535424028214303,0.08781152460137587,0.438316057668212
0.7728123968121355,0.8042828334383247,0.778690715189286,0.38988570049482363
0.010486111694698264,0.67277991682324,0.07681804627281064,0.9567609277214955
0.2668864381442586,0.1452568826511088,0.5707392691063333,0.928043972105489
0.0306102817857985,0.9055360655368343,0.034887490136228494,0.05714269034932418
0.8886345174201701,0.7309503027420534,0.4776862370499536,0.5670174424366347
0.8382970567348228,0.34554793003082007,0.3723476159629475,0.1813898979341001
0.9047848890963807,0.7989647025237637,0.1401466580893611,0.5676980198409542
0.32257033483181474,0.867562309325832,0.9853490867984394,0.3313521730872008
0.8833118951420463,0.22198267144590023,0.4053942167679826,0.7460413091565492
0.6440770031016559,0.6146438380554794,0.2702595340451578,0.6517116434459616
0.43700087729614623,0.1956640333780958,0.6307740960622968,0.13300572762864438
0.025545984518965392,0.13259337648090797,0.330639580102997,0.6783486119187357
0.11745760865685662,0.04655297692915128,0.01570496083384365,0.3324721623808766
0.9446708945818156,0.7922202276903331,0.13532115814545032,0.5680680471004171
0.9981105344574744,0.17895387698238285,0.41489085918398205,0.9787571737165199
0.2182957368236994,0.11369398768302719,0.4712035902042646,0.5810331859747123
0.3158753508670622,0.508766658109675,0.949177716201396,0.4525860098202471
0.5260068340155828,0.7165350507158287,0.4145499033093072,0.9405637896975582
0.6270735198783227,0.014296088209979407,0.3554936000082958,0.47110739130565116
0.49216742436131966,0.7918069585203404,0.045439755466691434,0.14126827560697552
0.9551074995452985,0.7609084606692946,0.7517853978688316,0.9362533190577099
0.26649052838492904,0.10660645060167617,0.6595673397416092,0.8182263625691235
0.7134956283945861,0.792888640733119,0.16544349103619738,0.461125700665701
0.21689092404412325,0.28764631665452123,0.9657542611199962,0.9395317857593563
0.771934364979116,0.47354176406587567,0.39974739561617967,0.4672920917655088
0.055858469316713455,0.5263535147518149,0.5470407265082073,0.9196145812835027
0.3233845430037011,0.3180589338229559,0.607742422700699,0.5865738777507155
0.7652566346579441,0.581821555249569,0.5172069398211208,0.18599163645542838
0.0034684801064233106,0.2225896795781036,0.9862480175146329,0.13982000478168466
0.5017790922024837,0.40773441324079573,0.05786902177165454,0.02346346342196437
0.5899299630888499,0.9347063659987582,0.10017779286159945,0.05031189728135643
0.7552541885045175,0.8692659914400955,0.1957645607498405,0.38721358997203004
0.020654345427079224,0.5187027132180971,0.9875380926266475,0.3013184844564526
0.6514969381102048,0.46072040727750285,0.594442754475653,0.6954838811441331
0.9185130194324117,0.04293106084778964,0.8363748903511994,0.9169946702125765
0.01575990734707533,0.6247692943585893,0.09038267623487206,0.05157924280558712
0.8607637728932239,0.9736616782275902,0.08111827087665802,0.8665656920735859
0.666744972708363,0.7696471975946282,0.6545167483950083,0.1836352141094666
0.14890415384126243,0.5882642074433254,0.47488324034977136,0.1401242764796421
0.9226772234533692,0.5110406596658441,0.5694788038165256,0.7467927879198694
0.21131539061769633,0.6825600857581313,0.7125768055425141,0.40832581447694716
0.6067351237433124,0.5936720758765013,0.12956326274296215,0.39895208390744263
0.07503423810335952,0.7692901398814894,0.5080248598788042,0.1132694830734321
0.6779853647179561,0.8785368744942339,0.2449159217780239,0.6984978366100005
0.5639290842821031,0.13429933931245086,0.41879712608263253,0.11511037033327509
0.4771948700443285,0.66869023375205,0.09436736601701601,0.2832346511771564
0.11389507788099285,0.9548819478014735,0.43162079915995966,0.13260141339156495
0.6933840471420535,0.8569772316175522,0.9438136873946976,0.2550298038407348
0.7667432308405324,0.7092661191253911,0.20467525417272814,0.00409058163964926
0.6033640307046173,0.5194782580436552,0.269802344368703,0.0252733853595154
0.7500958618175847,0.6816089568443191,0.06288441532040989,0.6625546198107677
0.14076814361824563,0.4000247200283372,0.3986400215241256,0.862359520497777
0.909050353083993,0.734140757406571,0.20627521456988696,0.022666933456822025
0.14164469015917447,0.46663482555229896,0.19226649392802975,0.6895759193711927
0.6384146831254898,0.8267776768248442,0.8248241916927097,0.9667913170456913
0.5995286449654652,0.6128661292930289,0.8076508959412709,0.5643091139270656
0.3660885061550925,0.6516894443881318,0.08279706016975263,0.02494681579030067
0.5343084901999381,0.4490041029823132,0.5485797015135121,0.8770746060099789
0.7591888502765555,0.7641772821881035,0.8627631867464572,0.790588149387367
0.11646298257714938,0.712586114834284,0.17850893843707638,0.0499046100449253
0.5736399771896279,0.24779945904696066,0.8353495305737935,0.6098353636118041
0.39995891099221725,0.38755138066544736,0.3206667889777627,0.8621821104916472
0.16963442693178976,0.1655588529460691,0.00471004269840658,0.03680381149038636
0.8913913191956618,0.4931553146014762,0.7212555101341884,0.535167989549179
0.19260952114367957,0.8894977792750658,0.9277896033411086,0.9266292288349561
0.8024400170720553,0.15728226403474244,0.6311310614764399,0.8940669250997342
0.13040641009710163,0.47598924174257407,0.4047476679695895,0.8151863456470257
0.9904753132378885,0.1929664786631008,0.6649932127466588,0.3890716243782475
0.06835950232326915,0.9179509323620376,0.9997085419499564,0.005016089384341504
0.2284112907168191,0.20349570495715097,0.9053407127073567,0.29129471127644957
0.23807412297897446,0.7433707240814856,0.2797207561532188,0.7055119549347723
0.2980015747932633,0.1528124911964729,0.2922351758608043,0.4744831732503145
0.9323151646558789,0.9016005665933837,0.04859295723828494,0.40406758360182427
0.0020015859464498353,0.8573856734531015,0.835630618879145,0.27134674911444545
0.6476158569481719,0.7619325435307918,0.9387844644429776,0.5025693523387598
0.35712967268125584,0.35535013097389045,0.6846636602836755,0.3529193027458817
0.9528744981293424,0.907004048138501,0.7922686555445306,0.6442300435823645
0.42594045350938714,0.7635686751066307,0.039866196100581064,0.8501629086487204
0.16151992349458166,0.027644573646974036,0.9940414223507111,0.30145531751034094
0.8192631972556896,0.5315304397102365,0.8819242518354289,0.7140853094035905
0.3640049949086881,0.8916802473396235,0.610690893660492,0.19860084943122835
0.03241401801078403,0.5997948103711187,0.3459077815858529,0.8429274697369962
0.860296620923188,0.7498450748611823,0.724915922543078,0.3674775151021594
0.12479747320689649,0.790080464590465,0.5590618642994262,0.695729010767191
0.4226547764778965,0.7662131047806842,0.0314974785100639,0.7126390471593306
0.717960945501675,0.44433663986840155,0.7338197075921654,0.6198705088373945
0.9130079792319507,0.388142201662786,0.9204914884121788,0.7782865287937031
0.9446157546353985,0.8229203898981865,0.37815408733881994,0.9474516986216488
0.4692270195228362,0.3624411531029099,0.9440792553003939,0.6632688289247249
0.35729593281341854,0.09094931962987118,0.6894993679786272,0.6604239544162929
0.8295230947269575,0.37987043680523425,0.21978418081773277,0.9845319112288327
0.9054097736788218,0.6795244920749846,0.8058227024795273,0.8620535192255319
0.47206954649038335,0.9877578985324961,0.31200381383209264,0.4274016880635737
0.3788613590960972,0.228409024641122,0.19313897647932965,0.534690513837352
0.80232246756088,0.2998305554602545,0.2302798655782391,0.3728021218773693
0.2304818792066189,0.6705989422124993,0.7782382571611371,0.4145383754064982
0.7865979675238535,0.6256642699276077,0.6975970325705699,0.3304703930316044
0.2804152526765058,0.7506842663153662,0.935091785948748,0.8731861911602196
0.7733320316872647,0.06830631213470884,0.727537718955761,0.8243956447692756
0.8000717021921332,0.9827480235866367,0.10931315443917511,0.7646403326087104
0.15901650211578955,0.9607869193069879,0.7672418492405033,0.8857690961012441
0.39077830713874184,0.26566502812783865,0.7247651263316303,0.870345905475203
0.468444105096292,0.5035851734032031,0.7273267277987141,0.4386595809446233
0.6082661742527247,0.8835487968537153,0.2648075784103565,0.5097528202982465
0.1688589216994002,0.4587933228957092,0.06822389196178069,0.6944061276912664
0.8845023251920414,0.35626742579837833,0.24854712468804263,0.9286656126601583
0.6919912900325229,0.525926779915432,0.5028362151137027,0.7758761895796565
0.09072890731788164,0.2754248703653789,0.8794450999976556,0.5929425050351603
0.8045417151161639,0.717332184240045,0.4009746132815435,0.3576329066088556
0.8592956140479793,0.8885466867456595,0.6652781416892141,0.46618925902384434
0.9406255815435112,0.9535348493796136,0.8566780449450918,0.09147572622405076
0.21134438575825976,0.37870907194098735,0.8918450302424455,0.8756071157265357
0.17056446131279757,0.5947167672181617,0.42713739170980713,0.8231253767701853
0.6816965030835896,0.9174242883534593,0.9433745514214174,0.3850430220570764
0.13200731308338776,0.9544252195264228,0.9253057443590936,0.17330980292668996
0.1797299073809655,0.5798737456579879,0.4904506542903413,0.07273516539361113
0.4686355912210618,0.15029444542816606,0.46278071678091204,0.8070448038422068
0.7574896574957928,0.982488939171607,0.48131438961476347,0.25693746632683634
0.9031624053831494,0.6540179859697732,0.5756477983878667,0.900018098502001
0.706778868235879,0.5290013506815173,0.27214577830929343,0.6480582221558611
0.5257555048131995,0.8202277041197588,0.9755252443363349,0.09150668990330679
0.2941118779304933,0.3160354013957346,0.07938351200005711,0.9284536477999036
0.3739355906627365,0.03654420156550575,0.6739743288835183,0.9528120972614034
0.29419616996955233,0.5180544099970837,0.9045835653031059,0.7490505883308898
0.5310119647704037,0.6208203267999307,0.4742606286491172,0.3676507758811156
0.5125560598459081,0.7230868177919499,0.21690326890395972,0.7029765452094612
0.2327168465092495,0.636427765358658,0.2795775063082444,0.2811043827126858
0.8979887687291225,0.1998743986080337,0.0861396746346903,0.9648494063439969
0.12944581215276862,0.7281358241811274,0.8211700518321551,0.14249279838367745
0.5248705106310002,0.05235202234421987,0.6947375170266925,0.3417365273756968
0.10595743196582197,0.07826617709938821,0.35337783398376776,0.4264573065236815
0.050009605714936844,0.018514896667227054,0.9413608402598351,0.791610587209869
0.17864320609241946,0.31880728783473555,0.6071840694245375,0.8248621694108086
0.9414648897887672,0.47850303480223844,0.5188440720457512,0.35654133260507215
0.12219561454685202,0.22693565011856753,0.7331870796269597,0.0028505501610355255
0.5716554932588412,0.6233114983745688,0.5790584042092602,0.2773603020533283
0.1730667946075105,0.4564347627258698,0.862108197216226,0.27326576204651987
0.10099838707719744,0.8963154205564153,0.2995006490737322,0.2507624147096721
0.2215100698131235,0.2096828648871747,0.1735729661494131,0.9037812640080347
0.3330121683438939,0.26772071803392583,0.1360347053953318,0.6143336229667071
0.8755253114603656,0.44786236422952297,0.5069228872958722,0.176168922805505
0.4360566521753333,0.8249506306465185,0.6928263688828447,0.9157745831809156
0.7044681125246586,0.7095402004346812,0.05729221320115585,0.03404868292678953
0.8839520510806439,0.6504324482442831,0.3794442442167103,0.21418711025841375
0.3967513210941327,0.3325872301281432,0.31405878752308436,0.07799771452864457
0.7015490555702932,0.5156822991121691,0.23180117678821388,0.7166130112807891
0.8214439604906325,0.4407717872048116,0.37329993356057734,0.06083737830173952
0.38149071192905015,0.7550155142103253,0.460697700554616,0.2796872439634027
0.4810015127837912,0.5713080743424898,0.9571267966357225,0.7911382384952027
0.13998304353038438,0.3347918696327902,0.39657017898620517,0.5270438421014269
0.4043555405999496,0.5788249986243309,0.12586900730635686,0.3861265257391172
0.8389573878855994,0.888492299987596,0.8540078803737782,0.25800593264854366
0.567489926995696,0.39357032152193006,0.5123037666069444,0.08297825613816934
0.6649010291920261,0.5047397206924729,0.44553780850164726,0.08797176467481449
0.7419214077622256,0.12624259595301301,0.9996070355531719,0.06564068719726601
0.32057166076285726,0.31659935778593506,0.1545928953280743,0.8581764856647075
0.09301334726876975,0.029335007802145707,0.6565556741127787,0.5739346723086256
0.04526245346044655,0.811778405905253,0.5066344307977078,0.8059965416628634
0.8019082608898042,0.10700897299954537,0.7204698407553198,0.7683031150791029
0.020961990206823322,0.42518192744827077,0.255974197387997,0.7306897745495752
0.277961915387847,0.8492620182849753,0.34537132250463576,0.15943780211188874
0.7189442674847957,0.8200795519063174,0.5656964635313514,0.3874546949307659
0.8268401141848842,0.23386593281804413,0.2845078924626273,0.9406006062017659
0.23039240497397429,0.761442391428125,0.9392894531292257,0.9085208491905314
0.29838729188215807,0.5779838410486858,0.8325117429343363,0.9899463893352769
0.8326874856620977,0.4784419176424144,0.4577629375969198,0.6361698618474226
0.22261035955598107,0.7416746800534105,0.2454421585188994,0.58078567230664
0.9571491019691408,0.6511369553101578,0.411185456458281,0.8662214279916548
0.2824314672551116,0.4507337840870643,0.7588600505511918,0.003965656234663606
0.07051188316677992,0.4761351008427914,0.5804476241986976,0.3893672504249296
0.6041561817793055,0.8835940935113349,0.8868809585790102,0.49618477971384356
0.6759397175203108,0.034009359158778896,0.45914373245374573,0.281948988195467
0.5848526420565103,0.0630186414631515,0.7352196908090805,0.8726649542656703
0.35400058269043266,0.3903304091964207,0.7778206460661615,0.2963873440073307
0.25238414291129874,0.5984939737976703,0.17745813410050737,0.05300754434656185
0.4954938296688921,0.05875264031148697,0.39350417074169364,0.4328594911628031
0.9197968567238212,0.5157119691395418,0.033718530566680616,0.5043298885605011
0.2989332113820844,0.7034343832601815,0.2026921006487793,0.6432289937302853
0.7779676202913468,0.610689301839738,0.9000420564430714,0.02779597067857109
0.6904833489696073,0.2790190885678663,0.09485751900588535,0.8814594722251355
0.5235313634791201,0.23610058713680604,0.9546586611291935,0.3497260033438957
0.11341445111776471,0.24283712840412264,0.9337047983116655,0.6507089882891222
0.6881809970467796,0.5354244135798761,0.07696211613601234,0.42662334179962424
0.6924697609000138,0.23785520913895875,0.8706017587442036,0.07581266371719819
0.528704746140301,0.22612181722433033,0.055834654502542325,0.1319617598033216
0.3247295924286646,0.21520112383699908,0.9353024163591054,0.7941147979952861
0.1180358736188245,0.2645743905840382,0.6292058447395664,0.8240620030300988
0.227021327823424,0.6602085012760409,0.8513526298900511,0.4786758954200979
0.4661570022497308,0.7529998155162079,0.11539087183657204,0.27971183920107534
